WGS84 UTM 32N
P1: 481367 5782936 100
P2: 481396 5782940 100
P3: 481413 5783008 100
P4: 481350 5783011 100
P5: 481372 5782999 100